import matplotlib.pyplot as plt
import numpy as np

import random as r
sr = (2698, 2720, 2720, 2748, 2768,2746,2722,2749,2728,2709,2734,2710,2733,2761,2736,2713,2736,2713,2736,2713,2691,2715,2690,2666,2644,2668,2646,2626,2602,2579,2557,2533,2560,2537,2517,2493,2520,2540,2568,2547,2547,2568,2594,2594,2568,2552,2527,2557,2581,2560,2535, 2515,2494,2470,2450,2475,2447)
games = (1,2,3,4,5,6,7,8,9,10,11,12,13,14,15,16,17,18,19,20,21,22,23,24,25,26,27,28,29,30,31,32,33,34,35,36,37,38,39,40,41,42,43,44,45,46,47,48,49,50,51,52,53,54,55,56,57)
plt.plot(games,sr)
#line chart showing SR over last 57 games

healing = (5540,3551,19198,5998,8355,9542,8287,16455,13974,5549,13378,8991,16207,3542,13470,7296,16020,3881,8951,6447,11013,7312,4780,11295,9915,13994,7870,15461,8412,14411,7527,11952,12301,7618,12760,15198,9505,15793,5947,15487,12852,10492,20533,9830,16941,16571,12536,9469,13339,7106,8990,9921,2981,9320,12658,21691,9492,15523,3339,5587,8784,13292,15213,17580,10564,14503,8895,10859) 

plt.hist(healing, bins=10)
#histogram showing healing done per game

sr_diff = (23,22,22,21,26,28,28,23,23,22,0,28,20,22,24,27,21,19,25,24,23,28,25,23,23,23,23,23,22,24,25,24,22,24,22,20,24,23,22,24,27,23,20,24,27,20,28,21,0,21,26,0,26,16,25,30,24,21,25,20,21,24,20,25,28,26,26,20)
plt.hist(sr_diff, bins=30)
#histogram showing the change in SR from a win or loss (made into all even numbers to show the distribution
